
time,npos,epos,alt,phi,theta,psi,vel,alpha,beta,p,q,r,nx,ny,nz,mach,qbar,ps,

 0.00000, 0.00000, 0.00000,40000.00000, 0.00000,30.00000, 0.00000,300.00000,30.00000, 0.00000, 0.00000, 0.00000, 5.00000, 0.42795, 0.00019, 0.74122, 0.30990,27.26460,405.24281,7465.76731,-7.92143, 1.51649,-1.25188,
 0.10000,29.99997, 0.00042,39999.97688, 0.29128,29.99856, 0.57646,299.99933,30.08895,-0.42810, 0.09149,-0.00429, 4.98345, 0.42803, 0.00364, 0.74259, 0.30990,27.26450,405.24319,7465.76731,-7.92143, 1.51649,-1.25188,
 0.20000,59.99972, 0.00322,39999.90779, 0.59937,29.99392, 1.15059,299.99721,30.17856,-0.84019, 0.35735,-0.01217, 4.96074, 0.42812, 0.00700, 0.74389, 0.30990,27.26419,405.24432,7465.76731,-7.92143, 1.51649,-1.25188,
 0.30000,89.99905, 0.01078,39999.79306, 0.94052,29.98559, 1.72174,299.99354,30.26897,-1.22727, 0.78025,-0.02217, 4.93371, 0.42820, 0.01019, 0.74511, 0.30990,27.26365,405.24620,7465.76731,-7.92143, 1.51649,-1.25188,
 0.40000,119.99772, 0.02554,39999.63301, 1.32917,29.97313, 2.28946,299.98822,30.36057,-1.58127, 1.33999,-0.03309, 4.90425, 0.42829, 0.01314, 0.74630, 0.30989,27.26286,405.24883,7465.76731,-7.92143, 1.51649,-1.25188,
 0.50000,149.99549, 0.05009,39999.42792, 1.77773,29.95607, 2.85349,299.98109,30.45394,-1.89522, 2.01410,-0.04402, 4.87415, 0.42838, 0.01580, 0.74748, 0.30989,27.26179,405.25220,7465.76731,-7.92143, 1.51649,-1.25188,
 0.60000,179.99209, 0.08715,39999.17804, 2.29638,29.93393, 3.41375,299.97197,30.54964,-2.16334, 2.77849,-0.05432, 4.84515, 0.42846, 0.01811, 0.74870, 0.30988,27.26041,405.25630,7465.76731,-7.92143, 1.51649,-1.25188,
 0.70000,209.98725, 0.13965,39998.88359, 2.89290,29.90621, 3.97034,299.96066,30.64813,-2.38117, 3.60806,-0.06367, 4.81882, 0.42855, 0.02004, 0.74997, 0.30986,27.25868,405.26113,7465.76731,-7.92143, 1.51649,-1.25188,
 0.80000,239.98064, 0.21071,39998.54477, 3.57260,29.87239, 4.52350,299.94692,30.74961,-2.54554, 4.47737,-0.07198, 4.79652, 0.42865, 0.02154, 0.75133, 0.30985,27.25656,405.26669,7465.76731,-7.92143, 1.51649,-1.25188,
 0.90000,269.97195, 0.30366,39998.16172, 4.33833,29.83187, 5.07358,299.93054,30.85400,-2.65465, 5.36133,-0.07938, 4.77938, 0.42874, 0.02261, 0.75279, 0.30983,27.25400,405.27297,7465.76731,-7.92143, 1.51649,-1.25188,
 1.00000,299.96079, 0.42210,39997.73457, 5.19049,29.78403, 5.62099,299.91132,30.96085,-2.70802, 6.23580,-0.08614, 4.76820, 0.42884, 0.02323, 0.75433, 0.30981,27.25098,405.27998,7465.76731,-7.92143, 1.51649,-1.25188,
 1.10000,329.94676, 0.56981,39997.26341, 6.12714,29.72821, 6.16621,299.88913,31.06932,-2.70643, 7.07818,-0.09265, 4.76344, 0.42894, 0.02340, 0.75597, 0.30979,27.24747,405.28771,7465.76731,-7.92143, 1.51649,-1.25188,
 1.20000,359.92946, 0.75082,39996.74825, 7.14420,29.66368, 6.70967,299.86391,31.17825,-2.65186, 7.86792,-0.09937, 4.76523, 0.42903, 0.02314, 0.75766, 0.30976,27.24345,405.29617,7465.76731,-7.92143, 1.51649,-1.25188,
 1.30000,389.90845, 0.96938,39996.18902, 8.23558,29.58971, 7.25175,299.83570,31.28619,-2.54733, 8.58690,-0.10676, 4.77330, 0.42912, 0.02247, 0.75938, 0.30974,27.23894,405.30534,7465.76731,-7.92143, 1.51649,-1.25188,
 1.40000,419.88328, 1.22992,39995.58559, 9.39348,29.50555, 7.79274,299.80468,31.39149,-2.39684, 9.21971,-0.11527, 4.78706, 0.42921, 0.02141, 0.76109, 0.30970,27.23397,405.31525,7465.76731,-7.92143, 1.51649,-1.25188,
 1.50000,449.85351, 1.53704,39994.93770,10.60862,29.41046, 8.33278,299.77116,31.49237,-2.20517, 9.75385,-0.12531, 4.80562, 0.42930, 0.02001, 0.76274, 0.30967,27.22860,405.32588,7465.76731,-7.92143, 1.51649,-1.25188,
 1.60000,479.81871, 1.89548,39994.24498,11.87053,29.30375, 8.87187,299.73559,31.58706,-1.97775,10.17968,-0.13724, 4.82786, 0.42937, 0.01830, 0.76429, 0.30963,27.22290,405.33725,7465.76731,-7.92143, 1.51649,-1.25188,
 1.70000,509.77846, 2.31011,39993.50692,13.16782,29.18478, 9.40980,299.69856,31.67387,-1.72050,10.49049,-0.15137, 4.85252, 0.42944, 0.01632, 0.76570, 0.30959,27.21699,405.34936,7465.76731,-7.92143, 1.51649,-1.25188,
 1.80000,539.73238, 2.78584,39992.72285,14.48850,29.05302, 9.94621,299.66079,31.75126,-1.43971,10.68225,-0.16793, 4.87827, 0.42950, 0.01414, 0.76693, 0.30955,27.21099,405.36223,7465.76731,-7.92143, 1.51649,-1.25188,
 1.90000,569.68015, 3.32764,39991.89200,15.82021,28.90805,10.48058,299.62314,31.81794,-1.14184,10.75351,-0.18711, 4.90382, 0.42955, 0.01179, 0.76795, 0.30952,27.20507,405.37586,7465.76731,-7.92143, 1.51649,-1.25188,
 2.00000,599.62145, 3.94045,39991.01339,17.15051,28.74957,11.01225,299.58654,31.87292,-0.83343,10.70513,-0.20905, 4.92799, 0.42958, 0.00934, 0.76874, 0.30948,27.19939,405.39028,7465.76731,-7.92143, 1.51649,-1.25188,
 2.10000,629.55606, 4.62918,39990.08594,18.46709,28.57744,11.54044,299.55199,31.91550,-0.52094,10.54008,-0.23386, 4.94978, 0.42961, 0.00682, 0.76929, 0.30944,27.19414,405.40551,7465.76731,-7.92143, 1.51649,-1.25188,
 2.20000,659.48380, 5.39865,39989.10841,19.75803,28.39165,12.06434,299.52057,31.94533,-0.21068,10.26317,-0.26159, 4.96841, 0.42962, 0.00431, 0.76959, 0.30941,27.18951,405.42155,7465.76731,-7.92143, 1.51649,-1.25188,
 2.30000,689.40455, 6.25353,39988.07945,21.01197,28.19236,12.58310,299.49334,31.96237, 0.09130, 9.88117,-0.29228, 4.98335, 0.42962, 0.00183, 0.76965, 0.30938,27.18570,405.43844,7465.76731,-7.92143, 1.51649,-1.25188,
 2.40000,719.31826, 7.19835,39986.99759,22.21850,27.97983,13.09592,299.47138,31.96687, 0.37945, 9.40604,-0.32590, 4.99429, 0.42961,-0.00056, 0.76948, 0.30936,27.18290,405.45620,7465.76731,-7.92143, 1.51649,-1.25188,
 2.50000,749.22493, 8.23747,39985.86129,23.36843,27.75446,13.60204,299.45572,31.95930, 0.64880, 8.84791,-0.36241, 5.00121, 0.42959,-0.00281, 0.76910, 0.30934,27.18131,405.47485,7465.76731,-7.92143, 1.51649,-1.25188,
 2.60000,779.12462, 9.37501,39984.66896,24.45358,27.51673,14.10080,299.44738,31.94035, 0.89486, 8.21649,-0.40169, 5.00429, 0.42956,-0.00490, 0.76855, 0.30933,27.18111,405.49442,7465.76731,-7.92143, 1.51649,-1.25188,
 2.70000,809.01746,10.61486,39983.41894,25.46685,27.26721,14.59168,299.44727,31.91085, 1.11366, 7.52236,-0.44365, 5.00390, 0.42953,-0.00679, 0.76784, 0.30933,27.18247,405.51494,7465.76731,-7.92143, 1.51649,-1.25188,
 2.80000,838.90361,11.96067,39982.10959,26.40231,27.00651,15.07426,299.45626,31.87169, 1.30183, 6.77688,-0.48813, 5.00051, 0.42949,-0.00845, 0.76701, 0.30934,27.18554,405.53644,7465.76731,-7.92143, 1.51649,-1.25188,
 2.90000,868.78328,13.41585,39980.73927,27.25531,26.73527,15.54831,299.47513,31.82381, 1.45656, 5.99207,-0.53495, 4.99467, 0.42945,-0.00986, 0.76610, 0.30936,27.19047,405.55894,7465.76731,-7.92143, 1.51649,-1.25188,
 3.00000,898.65675,14.98351,39979.30635,28.02246,26.45415,16.01372,299.50458,31.76811, 1.57570, 5.18051,-0.58391, 4.98697, 0.42940,-0.01098, 0.76512, 0.30939,27.19740,405.58246,7465.76731,-7.92143, 1.51649,-1.25188,
 3.10000,928.52430,16.66653,39977.80929,28.70177,26.16380,16.47050,299.54523,31.70544, 1.65778, 4.35521,-0.63475, 4.97795, 0.42935,-0.01183, 0.76410, 0.30944,27.20643,405.60704,7465.76731,-7.92143, 1.51649,-1.25188,
 3.20000,958.38628,18.46752,39976.24659,29.29258,25.86488,16.91881,299.59764,31.63656, 1.70201, 3.52939,-0.68714, 4.96811, 0.42930,-0.01237, 0.76307, 0.30949,27.21767,405.63270,7465.76731,-7.92143, 1.51649,-1.25188,
 3.30000,988.24303,20.38882,39974.61682,29.79565,25.55801,17.35892,299.66229,31.56210, 1.70829, 2.71639,-0.74072, 4.95788, 0.42924,-0.01261, 0.76203, 0.30956,27.23122,405.65946,7465.76731,-7.92143, 1.51649,-1.25188,
 3.40000,1018.09496,22.43255,39972.91868,30.21309,25.24380,17.79117,299.73961,31.48256, 1.67726, 1.92940,-0.79504, 4.94757, 0.42919,-0.01255, 0.76101, 0.30964,27.24715,405.68735,7465.76731,-7.92143, 1.51649,-1.25188,
 3.50000,1047.94250,24.60059,39971.15090,30.54835,24.92285,18.21599,299.82999,31.39833, 1.61023, 1.18128,-0.84958, 4.93737, 0.42914,-0.01220, 0.76000, 0.30973,27.26553,405.71638,7465.76731,-7.92143, 1.51649,-1.25188,
 3.60000,1077.78610,26.89460,39969.31236,30.80616,24.59576,18.63384,299.93375,31.30968, 1.50922, 0.48432,-0.90374, 4.92738, 0.42909,-0.01156, 0.75902, 0.30984,27.28644,405.74658,7465.76731,-7.92143, 1.51649,-1.25188,
 3.70000,1107.62623,29.31603,39967.40200,30.99246,24.26311,19.04525,300.05122,31.21679, 1.37688,-0.14997,-0.95685, 4.91755, 0.42905,-0.01067, 0.75806, 0.30996,27.30993,405.77795,7465.76731,-7.92143, 1.51649,-1.25188,
 3.80000,1137.46340,31.86618,39965.41885,31.11429,23.92548,19.45071,300.18267,31.11983, 1.21649,-0.71113,-1.00814, 4.90774, 0.42900,-0.00954, 0.75711, 0.31009,27.33605,405.81053,7465.76731,-7.92143, 1.51649,-1.25188,
 3.90000,1167.29814,34.54616,39963.36203,31.17967,23.58348,19.85077,300.32836,31.01891, 1.03187,-1.18992,-1.05679, 4.89769, 0.42896,-0.00819, 0.75619, 0.31024,27.36487,405.84431,7465.76731,-7.92143, 1.51649,-1.25188,
 4.00000,1197.13101,37.35698,39961.23070,31.19746,23.23773,20.24589,300.48851,30.91421, 0.82737,-1.57857,-1.10190, 4.88707, 0.42892,-0.00667, 0.75528, 0.31041,27.39643,405.87932,7465.76731,-7.92143, 1.51649,-1.25188,
 4.10000,1226.96257,40.29952,39959.02411,31.17721,22.88890,20.63656,300.66332,30.80595, 0.60770,-1.87097,-1.14256, 4.87546, 0.42889,-0.00500, 0.75438, 0.31059,27.43076,405.91558,7465.76731,-7.92143, 1.51649,-1.25188,
 4.20000,1256.79341,43.37457,39956.74152,31.12895,22.53767,21.02318,300.85296,30.69447, 0.37794,-2.06284,-1.17781, 4.86241, 0.42886,-0.00323, 0.75351, 0.31079,27.46791,405.95308,7465.76731,-7.92143, 1.51649,-1.25188,
 4.30000,1286.62412,46.58289,39954.38225,31.06304,22.18477,21.40610,301.05755,30.58024, 0.14335,-2.15190,-1.20673, 4.84744, 0.42883,-0.00139, 0.75266, 0.31100,27.50791,405.99184,7465.76731,-7.92143, 1.51649,-1.25188,
 4.40000,1316.45532,49.92520,39951.94564,30.98992,21.83096,21.78564,301.27716,30.46385,-0.09065,-2.13772,-1.22841, 4.83009, 0.42881, 0.00047, 0.75186, 0.31122,27.55078,406.03188,7465.76731,-7.92143, 1.51649,-1.25188,
 4.50000,1346.28758,53.40220,39949.43102,30.92008,21.47703,22.16201,301.51181,30.34602,-0.31862,-2.01945,-1.24202, 4.81005, 0.42880, 0.00230, 0.75110, 0.31147,27.59652,406.07320,7465.76731,-7.92143, 1.51649,-1.25188,
 4.60000,1376.12149,57.01465,39946.83774,30.86389,21.12381,22.53540,301.76145,30.22761,-0.53510,-1.80108,-1.24681, 4.78704, 0.42879, 0.00407, 0.75043, 0.31172,27.64513,406.11582,7465.76731,-7.92143, 1.51649,-1.25188,
 4.70000,1405.95760,60.76333,39944.16514,30.83108,20.77211,22.90593,302.02598,30.10958,-0.73496,-1.48983,-1.24217, 4.76086, 0.42880, 0.00574, 0.74985, 0.31200,27.69662,406.15975,7465.76731,-7.92143, 1.51649,-1.25188,
 4.80000,1435.79641,64.64912,39941.41253,30.83055,20.42276,23.27370,302.30519,29.99293,-0.91344,-1.09525,-1.22767, 4.73144, 0.42880, 0.00725, 0.74935, 0.31229,27.75094,406.20499,7465.76731,-7.92143, 1.51649,-1.25188,
 4.90000,1465.63841,68.67296,39938.57919,30.86983,20.07642,23.63870,302.59925,29.87871,-1.06650,-0.63742,-1.20703, 4.70005, 0.42871, 0.00860, 0.74839, 0.31259,27.80815,406.25157,7465.76731,-7.92143, 1.51649,-1.25188,
 5.00000,1495.48404,72.83586,39935.66424,30.95415,19.73326,24.00082,302.90817,29.76745,-1.19138,-0.13572,-1.18318, 4.66808, 0.42863, 0.00974, 0.74758, 0.31291,27.86824,406.29949,7465.76731,-7.92143, 1.51649,-1.25188,
 5.10000,1525.33372,77.13893,39932.66675,31.08724,19.39328,24.35996,303.23167,29.65930,-1.28613, 0.39622,-1.15598, 4.63613, 0.42856, 0.01063, 0.74693, 0.31324,27.93118,406.34877,7465.76731,-7.92143, 1.51649,-1.25188,
 5.20000,1555.18775,81.58343,39929.58576,31.27144,19.05648,24.71608,303.56945,29.55435,-1.34957, 0.94405,-1.12542, 4.60479, 0.42850, 0.01128, 0.74644, 0.31359,27.99693,406.39943,7465.76731,-7.92143, 1.51649,-1.25188,
 5.30000,1585.04641,86.17071,39926.42028,31.50766,18.72281,25.06916,303.92123,29.45256,-1.38129, 1.49308,-1.09161, 4.57464, 0.42845, 0.01167, 0.74612, 0.31396,28.06545,406.45149,7465.76731,-7.92143, 1.51649,-1.25188,
 5.40000,1614.90988,90.90230,39923.16928,31.79534,18.39216,25.41926,304.28675,29.35376,-1.38165, 2.02861,-1.05474, 4.54625, 0.42842, 0.01180, 0.74596, 0.31433,28.13670,406.50496,7465.76731,-7.92143, 1.51649,-1.25188,
 5.50000,1644.77824,95.77981,39919.83170,32.13249,18.06439,25.76648,304.66577,29.25767,-1.35178, 2.53639,-1.01514, 4.52013, 0.42840, 0.01167, 0.74595, 0.31472,28.21065,406.55985,7465.76731,-7.92143, 1.51649,-1.25188,
 5.60000,1674.65154,100.80499,39916.40645,32.51574,17.73933,26.11097,305.05809,29.16390,-1.29353, 3.00295,-0.97319, 4.49676, 0.42839, 0.01130, 0.74608, 0.31513,28.28727,406.61620,7465.76731,-7.92143, 1.51649,-1.25188,
 5.70000,1704.52974,105.97968,39912.89237,32.94046,17.41675,26.45293,305.46355,29.07197,-1.20944, 3.41597,-0.92934, 4.47654, 0.42839, 0.01070, 0.74633, 0.31555,28.36655,406.67401,7465.76731,-7.92143, 1.51649,-1.25188,
 5.80000,1734.41271,111.30583,39909.28830,33.40083,17.09641,26.79261,305.88204,28.98136,-1.10267, 3.76458,-0.88411, 4.45981, 0.42840, 0.00990, 0.74668, 0.31598,28.44847,406.73331,7465.76731,-7.92143, 1.51649,-1.25188,
 5.90000,1764.30030,116.78545,39905.59303,33.89005,16.77802,27.13026,306.31348,28.89152,-0.97689, 4.03969,-0.83802, 4.44684, 0.42841, 0.00891, 0.74711, 0.31643,28.53305,406.79411,7465.76731,-7.92143, 1.51649,-1.25188,
 6.00000,1794.19228,122.42061,39901.80532,34.40053,16.46126,27.46619,306.75785,28.80193,-0.83622, 4.23420,-0.79165, 4.43779, 0.42843, 0.00779, 0.74761, 0.31689,28.62028,406.85644,7465.76731,-7.92143, 1.51649,-1.25188,
 6.10000,1824.08837,128.21339,39897.92390,34.92403,16.14582,27.80072,307.21517,28.71213,-0.68509, 4.34318,-0.74557, 4.43277, 0.42845, 0.00655, 0.74815, 0.31736,28.71018,406.92033,7465.76731,-7.92143, 1.51649,-1.25188,
 6.20000,1853.98825,134.16591,39893.94749,35.45198,15.83135,28.13418,307.68549,28.62171,-0.52811, 4.36400,-0.70036, 4.43177, 0.42848, 0.00524, 0.74872, 0.31784,28.80279,406.98578,7465.76731,-7.92143, 1.51649,-1.25188,
 6.30000,1883.89159,140.28028,39889.87480,35.97562,15.51750,28.46688,308.16890,28.53038,-0.37001, 4.29645,-0.65659, 4.43470, 0.42851, 0.00389, 0.74932, 0.31834,28.89813,407.05283,7465.76731,-7.92143, 1.51649,-1.25188,
 6.40000,1913.79801,146.55857,39885.70454,36.48630,15.20394,28.79915,308.66549,28.43797,-0.21543, 4.14268,-0.61480, 4.44139, 0.42854, 0.00255, 0.74992, 0.31886,28.99623,407.12149,7465.76731,-7.92143, 1.51649,-1.25188,
 6.50000,1943.70713,153.00281,39881.43543,36.97567,14.89034,29.13129,309.17538,28.34439,-0.06885, 3.90721,-0.57552, 4.45157, 0.42858, 0.00125, 0.75054, 0.31938,29.09713,407.19179,7465.76731,-7.92143, 1.51649,-1.25188,
 6.60000,1973.61853,159.61497,39877.06622,37.43598,14.57638,29.46357,309.69866,28.24965, 0.06556, 3.59736,-0.53922, 4.46484, 0.42862, 0.00004, 0.75117, 0.31992,29.20086,407.26375,7465.76731,-7.92143, 1.51649,-1.25188,
 6.70000,2003.53182,166.39693,39872.59570,37.86043,14.26181,29.79625,310.23544,28.15382, 0.18416, 3.22531,-0.50632, 4.48055, 0.42865,-0.00106, 0.75181, 0.32048,29.30747,407.33739,7465.76731,-7.92143, 1.51649,-1.25188,
 6.80000,2033.44660,173.35050,39868.02271,38.24337,13.94639,30.12949,310.78582,28.05703, 0.28392, 2.80161,-0.47715, 4.49818, 0.42869,-0.00201, 0.75247, 0.32105,29.41699,407.41272,7465.76731,-7.92143, 1.51649,-1.25188,
 6.90000,2063.36247,180.47737,39863.34615,38.58020,13.62993,30.46345,311.34988,27.95940, 0.36236, 2.33750,-0.45199, 4.51718, 0.42874,-0.00279, 0.75315, 0.32163,29.52945,407.48977,7465.76731,-7.92143, 1.51649,-1.25188,
 7.00000,2093.27905,187.77914,39858.56500,38.86751,13.31229,30.79822,311.92766,27.86105, 0.41764, 1.84520,-0.43103, 4.53701, 0.42878,-0.00338, 0.75385, 0.32223,29.64488,407.56856,7465.76731,-7.92143, 1.51649,-1.25188,
 7.10000,2123.19596,195.25731,39853.67832,39.10310,12.99337,31.13388,312.51923,27.76208, 0.44856, 1.33758,-0.41438, 4.55707, 0.42883,-0.00376, 0.75459, 0.32284,29.76331,407.64909,7465.76731,-7.92143, 1.51649,-1.25188,
 7.20000,2153.11286,202.91326,39848.68525,39.28608,12.67312,31.47043,313.12461,27.66252, 0.45458, 0.82783,-0.40207, 4.57679, 0.42888,-0.00392, 0.75536, 0.32346,29.88476,407.73140,7465.76731,-7.92143, 1.51649,-1.25188,
 7.30000,2183.02941,210.74827,39843.58502,39.41688,12.35154,31.80785,313.74382,27.56237, 0.43587, 0.32908,-0.39400, 4.59558, 0.42893,-0.00387, 0.75616, 0.32410,30.00926,407.81548,7465.76731,-7.92143, 1.51649,-1.25188,
 7.40000,2212.94530,218.76350,39838.37694,39.49721,12.02866,32.14607,314.37690,27.46153, 0.39323,-0.14593,-0.39000, 4.61290, 0.42899,-0.00359, 0.75699, 0.32476,30.13684,407.90135,7465.76731,-7.92143, 1.51649,-1.25188,
 7.50000,2242.86025,226.96004,39833.06043,39.53000,11.70458,32.48498,315.02384,27.35990, 0.32811,-0.58524,-0.38980, 4.62823, 0.42904,-0.00311, 0.75785, 0.32542,30.26750,407.98903,7465.76731,-7.92143, 1.51649,-1.25188,
 7.60000,2272.77399,235.33886,39827.63497,39.51933,11.37942,32.82444,315.68467,27.25732, 0.24252,-0.97792,-0.39301, 4.64113, 0.42910,-0.00244, 0.75873, 0.32611,30.40129,408.07852,7465.76731,-7.92143, 1.51649,-1.25188,
 7.70000,2302.68629,243.90088,39822.10012,39.47032,11.05334,33.16430,316.35939,27.15362, 0.13901,-1.31443,-0.39919, 4.65121, 0.42916,-0.00158, 0.75962, 0.32680,30.53821,408.16982,7465.76731,-7.92143, 1.51649,-1.25188,
 7.80000,2332.59693,252.64694,39816.45548,39.38893,10.72652,33.50434,317.04804,27.04862, 0.02052,-1.58687,-0.40781, 4.65818, 0.42923,-0.00057, 0.76052, 0.32752,30.67831,408.26296,7465.76731,-7.92143, 1.51649,-1.25188,
 7.90000,2362.50570,261.57780,39810.70073,39.28193,10.39918,33.84437,317.75063,26.94219,-0.10958,-1.78678,-0.41826, 4.66162, 0.42929, 0.00056, 0.76143, 0.32824,30.82159,408.35792,7465.76731,-7.92143, 1.51649,-1.25188,
 8.00000,2392.41244,270.69421,39804.83557,39.15699,10.07158,34.18411,318.46718,26.83424,-0.24747,-1.90555,-0.42991, 4.66095, 0.42935, 0.00180, 0.76235, 0.32898,30.96810,408.45473,7465.76731,-7.92143, 1.51649,-1.25188,
 8.10000,2422.31695,279.99689,39798.85974,39.02233, 9.74398,34.52328,319.19770,26.72474,-0.38908,-1.94096,-0.44204, 4.65613, 0.42942, 0.00309, 0.76326, 0.32974,31.11785,408.55338,7465.76731,-7.92143, 1.51649,-1.25188,
 8.20000,2452.21907,289.48652,39792.77296,38.88623, 9.41666,34.86159,319.94222,26.61371,-0.53030,-1.89345,-0.45398, 4.64723, 0.42948, 0.00440, 0.76419, 0.33051,31.27087,408.65388,7465.76731,-7.92143, 1.51649,-1.25188,
 8.30000,2482.11862,299.16381,39786.57498,38.75683, 9.08991,35.19877,320.70074,26.50128,-0.66712,-1.76598,-0.46507, 4.63447, 0.42955, 0.00570, 0.76513, 0.33129,31.42719,408.75624,7465.76731,-7.92143, 1.51649,-1.25188,
 8.40000,2512.01538,309.02948,39780.26551,38.64184, 8.76396,35.53453,321.47325,26.38761,-0.79576,-1.56398,-0.47473, 4.61819, 0.42961, 0.00695, 0.76608, 0.33209,31.58683,408.86046,7465.76731,-7.92143, 1.51649,-1.25188,
 8.50000,2541.90915,319.08431,39773.84425,38.54833, 8.43905,35.86864,322.25973,26.27291,-0.91277,-1.29515,-0.48244, 4.59884, 0.42969, 0.00811, 0.76707, 0.33290,31.74981,408.96654,7465.76731,-7.92143, 1.51649,-1.25188,
 8.60000,2571.79966,329.32909,39767.31086,38.48251, 8.11538,36.20089,323.06015,26.15740,-1.01516,-0.96927,-0.48780, 4.57700, 0.42976, 0.00915, 0.76810, 0.33373,31.91615,409.07450,7465.76731,-7.92143, 1.51649,-1.25188,
 8.70000,2601.68661,339.76470,39760.66494,38.44953, 7.79310,36.53109,323.87447,26.04129,-1.10048,-0.59781,-0.49049, 4.55331, 0.42984, 0.01005, 0.76919, 0.33457,32.08586,409.18434,7465.76731,-7.92143, 1.51649,-1.25188,
 8.80000,2631.56964,350.39209,39753.90606,38.45331, 7.47231,36.85912,324.70263,25.92478,-1.16687,-0.19364,-0.49034, 4.52846, 0.42992, 0.01079, 0.77032, 0.33542,32.25897,409.29607,7465.76731,-7.92143, 1.51649,-1.25188,
 8.90000,2661.44835,361.21228,39747.03372,38.49647, 7.15308,37.18490,325.54457,25.80800,-1.21317, 0.22944,-0.48728, 4.50322, 0.43000, 0.01134, 0.77153, 0.33629,32.43548,409.40970,7465.76731,-7.92143, 1.51649,-1.25188,
 9.00000,2691.32225,372.22636,39740.04738,38.58021, 6.83541,37.50840,326.40025,25.69099,-1.23886, 0.65714,-0.48134, 4.47833, 0.43009, 0.01170, 0.77279, 0.33718,32.61542,409.52524,7465.76731,-7.92143, 1.51649,-1.25188,
 9.10000,2721.19081,383.43553,39732.94642,38.70432, 6.51925,37.82964,327.26963,25.57375,-1.24417, 1.07520,-0.47270, 4.45454, 0.43018, 0.01187, 0.77413, 0.33807,32.79880,409.64270,7465.76731,-7.92143, 1.51649,-1.25188,
 9.20000,2751.05341,394.84104,39725.73017,38.86717, 6.20450,38.14871,328.15265,25.45618,-1.22999, 1.46980,-0.46159, 4.43258, 0.43028, 0.01184, 0.77552, 0.33899,32.98564,409.76209,7465.76731,-7.92143, 1.51649,-1.25188,
 9.30000,2780.90938,406.44422,39718.39790,39.06582, 5.89101,38.46573,329.04932,25.33811,-1.19784, 1.82811,-0.44835, 4.41307, 0.43038, 0.01164, 0.77697, 0.33991,33.17597,409.88343,7465.76731,-7.92143, 1.51649,-1.25188,
 9.40000,2810.75797,418.24647,39710.94882,39.29610, 5.57857,38.78088,329.95964,25.21934,-1.14984, 2.13870,-0.43337, 4.39661, 0.43049, 0.01127, 0.77846, 0.34085,33.36982,410.00673,7465.76731,-7.92143, 1.51649,-1.25188,
 9.50000,2840.59840,430.24925,39703.38208,39.55277, 5.26695,39.09438,330.88365,25.09960,-1.08860, 2.39195,-0.41711, 4.38364, 0.43059, 0.01075, 0.77999, 0.34181,33.56723,410.13201,7465.76731,-7.92143, 1.51649,-1.25188,
 9.60000,2870.42981,442.45404,39695.69679,39.82975, 4.95586,39.40648,331.82140,24.97865,-1.01713, 2.58026,-0.39995, 4.37450, 0.43073, 0.01013, 0.78151, 0.34278,33.76824,410.25928,7465.76731,-7.92143, 1.51649,-1.25188,
 9.70000,2900.25132,454.86238,39687.89204,40.12017, 4.64518,39.71751,332.77345,24.85641,-0.93873, 2.69446,-0.37828, 4.36811, 0.43105, 0.00943, 0.78298, 0.34376,33.97300,410.38856,7465.76731,-7.92143, 1.51649,-1.25188,
 9.80000,2930.06206,467.47584,39679.96682,40.41638, 4.33515,40.02801,333.74012,24.73320,-0.85694, 2.73056,-0.35050, 4.36389, 0.43138, 0.00869, 0.78449, 0.34476,34.18159,410.51986,7465.76731,-7.92143, 1.51649,-1.25188,
 9.90000,2959.86114,480.29599,39671.92018,40.71065, 4.02605,40.33852,334.72143,24.60946,-0.77526, 2.68968,-0.31719, 4.36178, 0.43171, 0.00792, 0.78606, 0.34577,34.39407,410.65321,7465.76731,-7.92143, 1.51649,-1.25188,
10.00000,2989.64764,493.32439,39663.75112,40.99551, 3.71817,40.64960,335.71734,24.48566,-0.69711, 2.57563,-0.27892, 4.36164, 0.43206, 0.00717, 0.78768, 0.34680,34.61045,410.78863,7465.76731,-7.92143, 1.51649,-1.25188,
10.10000,3019.42061,506.56260,39655.45870,41.26397, 3.41180,40.96181,336.72780,24.36231,-0.62563, 2.39467,-0.23624, 4.36319, 0.43241, 0.00647, 0.78938, 0.34785,34.83076,410.92612,7465.76731,-7.92143, 1.51649,-1.25188,
10.20000,3049.17909,520.01212,39647.04203,41.50975, 3.10723,41.27567,337.75271,24.23992,-0.56358, 2.15529,-0.18964, 4.36607, 0.43277, 0.00586, 0.79117, 0.34890,35.05502,411.06570,7465.76731,-7.92143, 1.51649,-1.25188,
10.30000,3078.92214,533.67444,39638.50026,41.72756, 2.80479,41.59166,338.79189,24.11906,-0.51332, 1.86779,-0.13959, 4.36979, 0.43314, 0.00534, 0.79305, 0.34998,35.28322,411.20740,7465.76731,-7.92143, 1.51649,-1.25188,
10.40000,3108.64877,547.55097,39629.83264,41.91314, 2.50482,41.91024,339.84515,24.00028,-0.47664, 1.54390,-0.08650, 4.37378, 0.43352, 0.00496, 0.79504, 0.35107,35.51536,411.35123,7465.76731,-7.92143, 1.51649,-1.25188,
10.50000,3138.35801,561.64310,39621.03849,42.06351, 2.20771,42.23179,340.91222,23.88409,-0.45478, 1.19628,-0.03071, 4.37742, 0.43391, 0.00473, 0.79717, 0.35217,35.75142,411.49719,7465.76731,-7.92143, 1.51649,-1.25188,
10.60000,3168.04889,575.95215,39612.11723,42.17694, 1.91387,42.55666,341.99280,23.77101,-0.44839, 0.83809, 0.02750, 4.38000, 0.43431, 0.00465, 0.79943, 0.35328,35.99137,411.64530,7465.76731,-7.92143, 1.51649,-1.25188,
10.70000,3197.72043,590.47940,39603.06841,42.25303, 1.62378,42.88511,343.08651,23.66150,-0.45750, 0.48240, 0.08795, 4.38082, 0.43472, 0.00474, 0.80185, 0.35441,36.23516,411.79558,7465.76731,-7.92143, 1.51649,-1.25188,
10.80000,3227.37165,605.22605,39593.89168,42.29264, 1.33793,43.21733,344.19294,23.55599,-0.48156, 0.14179, 0.15049, 4.37915, 0.43514, 0.00499, 0.80443, 0.35556,36.48275,411.94802,7465.76731,-7.92143, 1.51649,-1.25188,
10.90000,3257.00156,620.19329,39584.58681,42.29788, 1.05687,43.55344,345.31166,23.45485,-0.51947,-0.17215, 0.21506, 4.37430, 0.43557, 0.00539, 0.80719, 0.35671,36.73408,412.10263,7465.76731,-7.92143, 1.51649,-1.25188,
11.00000,3286.60915,635.38224,39575.15369,42.27192, 0.78117,43.89349,346.44215,23.35843,-0.56964,-0.44922, 0.28169, 4.36562, 0.43601, 0.00594, 0.81014, 0.35788,36.98906,412.25941,7465.76731,-7.92143, 1.51649,-1.25188,
11.10000,3316.19339,650.79400,39565.59232,42.21887, 0.51145,44.23746,347.58388,23.26704,-0.63006,-0.68099, 0.35041, 4.35256, 0.43647, 0.00661, 0.81329, 0.35906,37.24762,412.41838,7465.76731,-7.92143, 1.51649,-1.25188,
11.20000,3345.75324,666.42962,39555.90283,42.14362, 0.24833,44.58526,348.73629,23.18097,-0.69838,-0.86102, 0.42133, 4.33464, 0.43693, 0.00738, 0.81665, 0.36025,37.50967,412.57952,7465.76731,-7.92143, 1.51649,-1.25188,
11.30000,3375.28762,682.29015,39546.08543,42.05157,-0.00755,44.93675,349.89877,23.10051,-0.77203,-0.98512, 0.49456, 4.31153, 0.43740, 0.00823, 0.82022, 0.36145,37.77510,412.74284,7465.76731,-7.92143, 1.51649,-1.25188,
11.40000,3404.79539,698.37662,39536.14047,41.94844,-0.25559,45.29174,351.07067,23.02590,-0.84827,-1.05143, 0.57019, 4.28305, 0.43789, 0.00913, 0.82402, 0.36266,38.04381,412.90833,7465.76731,-7.92143, 1.51649,-1.25188,
11.50000,3434.27538,714.69005,39526.06836,41.84002,-0.49515,45.65001,352.25133,22.95740,-0.92438,-1.06042, 0.64833, 4.24916, 0.43839, 0.01005, 0.82806, 0.36388,38.31568,413.07599,7465.76731,-7.92143, 1.51649,-1.25188,
11.60000,3463.72634,731.23147,39515.86962,41.73197,-0.72568,46.01131,353.44004,22.89524,-0.99767,-1.01488, 0.72899, 4.21000, 0.43890, 0.01095, 0.83234, 0.36511,38.59057,413.24580,7465.76731,-7.92143, 1.51649,-1.25188,
11.70000,3493.14695,748.00190,39505.54484,41.62953,-0.94666,46.37539,354.63609,22.83964,-1.06565,-0.91968, 0.81217, 4.16587, 0.43942, 0.01181, 0.83688, 0.36634,38.86837,413.41777,7465.76731,-7.92143, 1.51649,-1.25188,
11.80000,3522.53582,765.00241,39495.09470,41.53740,-1.15762,46.74199,355.83872,22.79078,-1.12608,-0.78163, 0.89776, 4.11723, 0.43995, 0.01260, 0.84168, 0.36759,39.14891,413.59189,7465.76731,-7.92143, 1.51649,-1.25188,
11.90000,3551.89143,782.23406,39484.51994,41.45951,-1.35818,47.11089,357.04715,22.74879,-1.17706,-0.60907, 0.98558, 4.06467, 0.44050, 0.01329, 0.84676, 0.36884,39.43206,413.76814,7465.76731,-7.92143, 1.51649,-1.25188,
12.00000,3581.21222,799.69797,39473.82138,41.39890,-1.54805,47.48188,358.26062,22.71376,-1.21712,-0.41160, 1.07536, 4.00895, 0.44105, 0.01387, 0.85211, 0.37009,39.71766,413.94650,7465.76731,-7.92143, 1.51649,-1.25188,
12.10000,3610.49646,817.39526,39462.99987,41.35760,-1.72702,47.85478,359.47831,22.68568,-1.24521,-0.19961, 1.16674, 3.95088, 0.44162, 0.01431, 0.85775, 0.37135,40.00555,414.12698,7465.76731,-7.92143, 1.51649,-1.25188,
12.20000,3639.74235,835.32709,39452.05635,41.33659,-1.89499,48.22948,360.69945,22.66451,-1.26079, 0.01611, 1.25928, 3.89138, 0.44220, 0.01462, 0.86365, 0.37261,40.29556,414.30955,7465.76731,-7.92143, 1.51649,-1.25188,
12.30000,3668.94797,853.49466,39440.99181,41.33578,-2.05197,48.60588,361.92323,22.65009,-1.26381, 0.22486, 1.35248, 3.83139, 0.44278, 0.01477, 0.86983, 0.37387,40.58753,414.49421,7465.76731,-7.92143, 1.51649,-1.25188,
12.40000,3698.11128,871.89917,39429.80729,41.35400,-2.19804,48.98398,363.14887,22.64222,-1.25472, 0.41643, 1.44580, 3.77187, 0.44338, 0.01478, 0.87627, 0.37514,40.88130,414.68093,7465.76731,-7.92143, 1.51649,-1.25188,
12.50000,3727.23014,890.54186,39418.50391,41.38913,-2.33341,49.36377,364.37560,22.64060,-1.23442, 0.58153, 1.53863, 3.71373, 0.44398, 0.01465, 0.88297, 0.37641,41.17670,414.86970,7465.76731,-7.92143, 1.51649,-1.25188,
12.60000,3756.30229,909.42398,39407.08281,41.43818,-2.45837,49.74533,365.60267,22.64490,-1.20423, 0.71217, 1.63038, 3.65784, 0.44459, 0.01439, 0.88989, 0.37767,41.47357,415.06050,7465.76731,-7.92143, 1.51649,-1.25188,
12.70000,3785.32538,928.54678,39395.54523,41.49741,-2.57326,50.12875,366.82937,22.65473,-1.16583, 0.80199, 1.72046, 3.60494, 0.44521, 0.01402, 0.89704, 0.37894,41.77174,415.25331,7465.76731,-7.92143, 1.51649,-1.25188,
12.80000,3814.29698,947.91151,39383.89244,41.56256,-2.67851,50.51415,368.05500,22.66968,-1.12120, 0.84649, 1.80826, 3.55567, 0.44584, 0.01356, 0.90440, 0.38021,42.07107,415.44812,7465.76731,-7.92143, 1.51649,-1.25188,
12.90000,3843.21456,967.51940,39372.12581,41.62901,-2.77462,50.90166,369.27890,22.68933,-1.07250, 0.84323, 1.89325, 3.51053, 0.44647, 0.01303, 0.91193, 0.38147,42.37139,415.64490,7465.76731,-7.92143, 1.51649,-1.25188,
13.00000,3872.07554,987.37167,39360.24677,41.69200,-2.86208,51.29144,370.50044,22.71323,-1.02199, 0.79191, 1.97491, 3.46983, 0.44710, 0.01247, 0.91963, 0.38273,42.67257,415.84363,7465.76731,-7.92143, 1.51649,-1.25188,
13.10000,3900.87727,1007.46949,39348.25681,41.74682,-2.94143,51.68360,371.71901,22.74096,-0.97195, 0.69437, 2.05279, 3.43373, 0.44774, 0.01190, 0.92748, 0.38399,42.97446,416.04430,7465.76731,-7.92143, 1.51649,-1.25188,
13.20000,3929.61706,1027.81401,39336.15752,41.78909,-3.01320,52.07825,372.93406,22.77211,-0.92457, 0.55446, 2.12648, 3.40221, 0.44838, 0.01134, 0.93545, 0.38525,43.27692,416.24686,7465.76731,-7.92143, 1.51649,-1.25188,
13.30000,3958.29219,1048.40631,39323.95059,41.81488,-3.07794,52.47546,374.14504,22.80629,-0.88185, 0.37794, 2.19566, 3.37507, 0.44902, 0.01083, 0.94354, 0.38650,43.57983,416.45131,7465.76731,-7.92143, 1.51649,-1.25188,
13.40000,3986.89994,1069.24741,39311.63778,41.82092,-3.13613,52.87527,375.35146,22.84311,-0.84554, 0.17210, 2.26006, 3.35199, 0.44967, 0.01040, 0.95172, 0.38774,43.88305,416.65760,7465.76731,-7.92143, 1.51649,-1.25188,
13.50000,4015.43755,1090.33828,39299.22094,41.80474,-3.18826,53.27766,376.55283,22.88220,-0.81702,-0.05448, 2.31949, 3.33247, 0.45031, 0.01005, 0.95997, 0.38899,44.18647,416.86572,7465.76731,-7.92143, 1.51649,-1.25188,
13.60000,4043.90229,1111.67982,39286.70204,41.76476,-3.23475,53.68254,377.74872,22.92321,-0.79731,-0.29238, 2.37384, 3.31595, 0.45096, 0.00982, 0.96830, 0.39022,44.48997,417.07563,7465.76731,-7.92143, 1.51649,-1.25188,
13.70000,4072.29142,1133.27283,39274.08312,41.70040,-3.27599,54.08979,378.93871,22.96578,-0.78699,-0.53177, 2.42307, 3.30174, 0.45161, 0.00970, 0.97667, 0.39145,44.79344,417.28729,7465.76731,-7.92143, 1.51649,-1.25188,
13.80000,4100.60224,1155.11806,39261.36632,41.61203,-3.31231,54.49922,380.12241,23.00957,-0.78618,-0.76284, 2.46722, 3.28916, 0.45225, 0.00971, 0.98508, 0.39267,45.09677,417.50068,7465.76731,-7.92143, 1.51649,-1.25188,
13.90000,4128.83204,1177.21618,39248.55388,41.50100,-3.34400,54.91060,381.29948,23.05424,-0.79455,-0.97628, 2.50639, 3.27747, 0.45289, 0.00984, 0.99351, 0.39389,45.39986,417.71576,7465.76731,-7.92143, 1.51649,-1.25188,
14.00000,4156.97817,1199.56776,39235.64811,41.36956,-3.37131,55.32362,382.46958,23.09946,-0.81138,-1.16367, 2.54077, 3.26600, 0.45354, 0.01009, 1.00196, 0.39510,45.70263,417.93249,7465.76731,-7.92143, 1.51649,-1.25188,
14.10000,4185.03798,1222.17334,39222.65139,41.22073,-3.39442,55.73796,383.63243,23.14493,-0.83553,-1.31791, 2.57059, 3.25412, 0.45418, 0.01045, 1.01040, 0.39630,46.00498,418.15083,7465.76731,-7.92143, 1.51649,-1.25188,
14.20000,4213.00886,1245.03335,39209.56616,41.05816,-3.41352,56.15327,384.78776,23.19036,-0.86556,-1.43349, 2.59615, 3.24127, 0.45482, 0.01089, 1.01882, 0.39749,46.30683,418.37075,7465.76731,-7.92143, 1.51649,-1.25188,
14.30000,4240.88820,1268.14817,39196.39492,40.88596,-3.42873,56.56916,385.93534,23.23545,-0.89979,-1.50677, 2.61775, 3.22704, 0.45545, 0.01141, 1.02722, 0.39868,46.60811,418.59220,7465.76731,-7.92143, 1.51649,-1.25188,
14.40000,4268.67344,1291.51813,39183.14019,40.70852,-3.44020,56.98526,387.07498,23.27997,-0.93638,-1.53612, 2.63576, 3.21112, 0.45609, 0.01197, 1.03559, 0.39985,46.90875,418.81514,7465.76731,-7.92143, 1.51649,-1.25188,
14.50000,4296.36199,1315.14348,39169.80453,40.53027,-3.44804,57.40118,388.20650,23.32369,-0.97342,-1.52194, 2.65054, 3.19337, 0.45672, 0.01255, 1.04392, 0.40102,47.20868,419.03954,7465.76731,-7.92143, 1.51649,-1.25188,
14.60000,4323.95128,1339.02445,39156.39048,40.35552,-3.45237,57.81657,389.32975,23.36640,-1.00905,-1.46668, 2.66242, 3.17378, 0.45735, 0.01312, 1.05219, 0.40218,47.50786,419.26535,7465.76731,-7.92143, 1.51649,-1.25188,
14.70000,4351.43874,1363.16121,39142.90062,40.18820,-3.45333,58.23109,390.44463,23.40791,-1.04150,-1.37461, 2.67175, 3.15248, 0.45797, 0.01367, 1.06042, 0.40334,47.80622,419.49253,7465.76731,-7.92143, 1.51649,-1.25188,
14.80000,4378.82178,1387.55389,39129.33746,40.03176,-3.45108,58.64445,391.55105,23.44806,-1.06923,-1.25165, 2.67882, 3.12975, 0.45859, 0.01415, 1.06858, 0.40448,48.10373,419.72103,7465.76731,-7.92143, 1.51649,-1.25188,
14.90000,4406.09778,1412.20260,39115.70353,39.88899,-3.44579,59.05641,392.64894,23.48667,-1.09099,-1.10500, 2.68392, 3.10596, 0.45921, 0.01456, 1.07667, 0.40561,48.40036,419.95082,7465.76731,-7.92143, 1.51649,-1.25188,
15.00000,4433.26412,1437.10743,39102.00129,39.76187,-3.43766,59.46676,393.73827,23.52359,-1.10585,-0.94281, 2.68726, 3.08158, 0.45982, 0.01488, 1.08469, 0.40674,48.69606,420.18186,7465.76731,-7.92143, 1.51649,-1.25188,
15.10000,4460.31814,1462.26842,39088.23317,39.65155,-3.42692,59.87536,394.81905,23.55865,-1.11327,-0.77373, 2.68903, 3.05713, 0.46043, 0.01509, 1.09263, 0.40785,48.99082,420.41411,7465.76731,-7.92143, 1.51649,-1.25188,
15.20000,4487.25713,1487.68561,39074.40154,39.55832,-3.41383,60.28214,395.89129,23.59169,-1.11309,-0.60647, 2.68938, 3.03317, 0.46104, 0.01519, 1.10049, 0.40896,49.28463,420.64753,7465.76731,-7.92143, 1.51649,-1.25188,
15.30000,4514.07838,1513.35900,39060.50871,39.48159,-3.39867,60.68706,396.95506,23.62252,-1.10557,-0.44937, 2.68844, 3.01025, 0.46164, 0.01519, 1.10824, 0.41006,49.57747,420.88208,7465.76731,-7.92143, 1.51649,-1.25188,
15.40000,4540.77913,1539.28858,39046.55697,39.41996,-3.38173,61.09014,398.01044,23.65099,-1.09134,-0.30999, 2.68629, 2.98890, 0.46224, 0.01509, 1.11590, 0.41115,49.86935,421.11772,7465.76731,-7.92143, 1.51649,-1.25188,
15.50000,4567.35663,1565.47431,39032.54849,39.37134,-3.36332,61.49144,399.05756,23.67692,-1.07134,-0.19470, 2.68300, 2.96955, 0.46283, 0.01489, 1.12344, 0.41223,50.16028,421.35443,7465.76731,-7.92143, 1.51649,-1.25188,
15.60000,4593.80807,1591.91612,39018.48545,39.33307,-3.34376,61.89107,400.09655,23.70017,-1.04682,-0.10843, 2.67865, 2.95259, 0.46342, 0.01462, 1.13085, 0.41331,50.45026,421.59215,7465.76731,-7.92143, 1.51649,-1.25188,
15.70000,4620.13068,1618.61391,39004.36993,39.30205,-3.32334,62.28915,401.12759,23.72059,-1.01922,-0.05444, 2.67328, 2.93828, 0.46400, 0.01430, 1.13814, 0.41437,50.73933,421.83087,7465.76731,-7.92143, 1.51649,-1.25188,
15.80000,4646.32165,1645.56754,38990.20398,39.27498,-3.30235,62.68585,402.15087,23.73808,-0.99008,-0.03415, 2.66698, 2.92674, 0.46458, 0.01394, 1.14529, 0.41543,51.02751,422.07054,7465.76731,-7.92143, 1.51649,-1.25188,
15.90000,4672.37823,1672.77685,38975.98963,39.24848,-3.28106,63.08131,403.16661,23.75256,-0.96103,-0.04714, 2.65983, 2.91801, 0.46516, 0.01358, 1.15230, 0.41648,51.31483,422.31114,7465.76731,-7.92143, 1.51649,-1.25188,
16.00000,4698.29765,1700.24161,38961.72884,39.21931,-3.25970,63.47571,404.17504,23.76399,-0.93360,-0.09123, 2.65190, 2.91196, 0.46573, 0.01322, 1.15916, 0.41752,51.60135,422.55262,7465.76731,-7.92143, 1.51649,-1.25188,
16.10000,4724.07722,1727.96156,38947.42357,39.18452,-3.23845,63.86919,405.17639,23.77235,-0.90921,-0.16261, 2.64333, 2.90837, 0.46629, 0.01291, 1.16587, 0.41855,51.88709,422.79496,7465.76731,-7.92143, 1.51649,-1.25188,
16.20000,4749.71426,1755.93640,38933.07576,39.14163,-3.21747,64.26189,406.17092,23.77767,-0.88909,-0.25611, 2.63424, 2.90688, 0.46685, 0.01266, 1.17243, 0.41958,52.17212,423.03813,7465.76731,-7.92143, 1.51649,-1.25188,
16.30000,4775.20616,1784.16575,38918.68730,39.08872,-3.19684,64.65394,407.15887,23.78001,-0.87418,-0.36553, 2.62481, 2.90707, 0.46740, 0.01248, 1.17885, 0.42060,52.45646,423.28210,7465.76731,-7.92143, 1.51649,-1.25188,
16.40000,4800.55037,1812.64922,38904.26013,39.02453,-3.17661,65.04542,408.14046,23.77946,-0.86513,-0.48397, 2.61520, 2.90844, 0.46795, 0.01238, 1.18512, 0.42162,52.74017,423.52683,7465.76731,-7.92143, 1.51649,-1.25188,
16.50000,4825.74440,1841.38633,38889.79613,38.94851,-3.15675,65.43639,409.11595,23.77614,-0.86225,-0.60425, 2.60563, 2.91045, 0.46850, 0.01238, 1.19126, 0.42262,53.02329,423.77229,7465.76731,-7.92143, 1.51649,-1.25188,
16.60000,4850.78581,1870.37657,38875.29722,38.86082,-3.13721,65.82690,410.08553,23.77020,-0.86551,-0.71936, 2.59634, 2.91253, 0.46904, 0.01248, 1.19726, 0.42362,53.30586,424.01845,7465.76731,-7.92143, 1.51649,-1.25188,
16.70000,4875.67225,1899.61938,38860.76530,38.76231,-3.11785,66.21695,411.04941,23.76180,-0.87455,-0.82277, 2.58755, 2.91415, 0.46958, 0.01267, 1.20314, 0.42462,53.58791,424.26528,7465.76731,-7.92143, 1.51649,-1.25188,
16.80000,4900.40141,1929.11415,38846.20226,38.65444,-3.09852,66.60651,412.00778,23.75112,-0.88872,-0.90884, 2.57954, 2.91480, 0.47012, 0.01294, 1.20891, 0.42561,53.86949,424.51275,7465.76731,-7.92143, 1.51649,-1.25188,
16.90000,4924.97105,1958.86023,38831.61001,38.53918,-3.07902,66.99556,412.96078,23.73837,-0.90710,-0.97310, 2.57256, 2.91402, 0.47065, 0.01329, 1.21457, 0.42660,54.15061,424.76083,7465.76731,-7.92143, 1.51649,-1.25188,
17.00000,4949.37895,1988.85693,38816.99045,38.41889,-3.05912,67.38404,413.90856,23.72378,-0.92861,-1.01248, 2.56686, 2.91147, 0.47118, 0.01369, 1.22014, 0.42757,54.43130,425.00948,7465.76731,-7.92143, 1.51649,-1.25188,
17.10000,4973.62294,2019.10352,38802.34545,38.29614,-3.03855,67.77188,414.85122,23.70758,-0.95200,-1.02542, 2.56270, 2.90688, 0.47171, 0.01414, 1.22562, 0.42855,54.71157,425.25867,7465.76731,-7.92143, 1.51649,-1.25188,
17.20000,4997.70091,2049.59924,38787.67689,38.17361,-3.01707,68.15902,415.78884,23.69001,-0.97600,-1.01194, 2.56029, 2.90009, 0.47224, 0.01460, 1.23103, 0.42952,54.99143,425.50838,7465.76731,-7.92143, 1.51649,-1.25188,
17.30000,5021.61071,2080.34331,38772.98664,38.05388,-2.99439,68.54539,416.72147,23.67132,-0.99936,-0.97360, 2.55982, 2.89107, 0.47276, 0.01505, 1.23639, 0.43048,55.27088,425.75856,7465.76731,-7.92143, 1.51649,-1.25188,
17.40000,5045.35024,2111.33492,38758.27652,37.93930,-2.97026,68.93093,417.64914,23.65176,-1.02091,-0.91334, 2.56144, 2.87988, 0.47329, 0.01549, 1.24170, 0.43144,55.54992,426.00920,7465.76731,-7.92143, 1.51649,-1.25188,
17.50000,5068.91737,2142.57323,38743.54837,37.83189,-2.94441,69.31563,418.57184,23.63158,-1.03963,-0.83530, 2.56525, 2.86669, 0.47381, 0.01588, 1.24698, 0.43239,55.82852,426.26025,7465.76731,-7.92143, 1.51649,-1.25188,
17.60000,5092.30998,2174.05739,38728.80397,37.73319,-2.91662,69.69946,419.48954,23.61101,-1.05471,-0.74454, 2.57131, 2.85177, 0.47433, 0.01623, 1.25224, 0.43334,56.10667,426.51170,7465.76731,-7.92143, 1.51649,-1.25188,
17.70000,5115.52591,2205.78653,38714.04509,37.64421,-2.88668,70.08243,420.40218,23.59025,-1.06560,-0.64669, 2.57962, 2.83544, 0.47485, 0.01650, 1.25748, 0.43428,56.38433,426.76350,7465.76731,-7.92143, 1.51649,-1.25188,
17.80000,5138.56299,2237.75974,38699.27349,37.56537,-2.85440,70.46458,421.30969,23.56952,-1.07199,-0.54766, 2.59015, 2.81809, 0.47538, 0.01670, 1.26272, 0.43522,56.66148,427.01564,7465.76731,-7.92143, 1.51649,-1.25188,
17.90000,5161.41901,2269.97613,38684.49089,37.49651,-2.81963,70.84598,422.21196,23.54899,-1.07386,-0.45324, 2.60280, 2.80011, 0.47590, 0.01683, 1.26796, 0.43615,56.93807,427.26807,7465.76731,-7.92143, 1.51649,-1.25188,
18.00000,5184.09174,2302.43476,38669.69900,37.43690,-2.78225,71.22673,423.10888,23.52881,-1.07145,-0.36881, 2.61746, 2.78192, 0.47642, 0.01688, 1.27321, 0.43708,57.21406,427.52078,7465.76731,-7.92143, 1.51649,-1.25188,
18.10000,5206.57892,2335.13466,38654.89952,37.38533,-2.74216,71.60693,424.00031,23.50912,-1.06522,-0.29897, 2.63396, 2.76390, 0.47694, 0.01686, 1.27847, 0.43800,57.48939,427.77373,7465.76731,-7.92143, 1.51649,-1.25188,
18.20000,5228.87826,2368.07486,38640.09412,37.34014,-2.69929,71.98672,424.88610,23.49002,-1.05587,-0.24740, 2.65212, 2.74639, 0.47746, 0.01679, 1.28375, 0.43891,57.76402,428.02689,7465.76731,-7.92143, 1.51649,-1.25188,
18.30000,5250.98746,2401.25435,38625.28450,37.29940,-2.65360,72.36625,425.76610,23.47162,-1.04422,-0.21654, 2.67176, 2.72967, 0.47798, 0.01667, 1.28905, 0.43982,58.03787,428.28024,7465.76731,-7.92143, 1.51649,-1.25188,
18.40000,5272.90420,2434.67207,38610.47233,37.26097,-2.60504,72.74567,426.64012,23.45401,-1.03119,-0.20761, 2.69267, 2.71395, 0.47851, 0.01653, 1.29437, 0.44073,58.31089,428.53375,7465.76731,-7.92143, 1.51649,-1.25188,
18.50000,5294.62614,2468.32696,38595.65931,37.22266,-2.55361,73.12514,427.50800,23.43724,-1.01777,-0.22049, 2.71464, 2.69935, 0.47903, 0.01637, 1.29970, 0.44162,58.58302,428.78739,7465.76731,-7.92143, 1.51649,-1.25188,
18.60000,5316.15097,2502.21789,38580.84716,37.18237,-2.49929,73.50479,428.36954,23.42141,-1.00488,-0.25379, 2.73747, 2.68589, 0.47955, 0.01621, 1.30506, 0.44251,58.85419,429.04112,7465.76731,-7.92143, 1.51649,-1.25188,
18.70000,5337.47637,2536.34370,38566.03761,37.13819,-2.44205,73.88476,429.22454,23.40655,-0.99342,-0.30501, 2.76098, 2.67354, 0.48007, 0.01607, 1.31044, 0.44340,59.12431,429.29493,7465.76731,-7.92143, 1.51649,-1.25188,
18.80000,5358.60004,2570.70319,38551.23242,37.08850,-2.38190,74.26515,430.07279,23.39273,-0.98410,-0.37066, 2.78499, 2.66216, 0.48059, 0.01597, 1.31584, 0.44427,59.39333,429.54877,7465.76731,-7.92143, 1.51649,-1.25188,
18.90000,5379.51969,2605.29511,38536.43340,37.03208,-2.31881,74.64606,430.91408,23.38001,-0.97752,-0.44657, 2.80935, 2.65155, 0.48110, 0.01591, 1.32126, 0.44514,59.66116,429.80262,7465.76731,-7.92143, 1.51649,-1.25188,
19.00000,5400.23307,2640.11816,38521.64238,36.96816,-2.25274,75.02753,431.74818,23.36842,-0.97405,-0.52811, 2.83392, 2.64147, 0.48162, 0.01590, 1.32671, 0.44600,59.92772,430.05645,7465.76731,-7.92143, 1.51649,-1.25188,
19.10000,5420.73795,2675.17100,38506.86124,36.89643,-2.18365,75.40959,432.57486,23.35802,-0.97385,-0.61051, 2.85858, 2.63164, 0.48214, 0.01595, 1.33217, 0.44686,60.19293,430.31022,7465.76731,-7.92143, 1.51649,-1.25188,
19.20000,5441.03215,2710.45222,38492.09190,36.81705,-2.11150,75.79224,433.39388,23.34883,-0.97690,-0.68915, 2.88324, 2.62176, 0.48265, 0.01605, 1.33766, 0.44770,60.45670,430.56391,7465.76731,-7.92143, 1.51649,-1.25188,
19.30000,5461.11350,2745.96039,38477.33632,36.73065,-2.03622,76.17543,434.20500,23.34090,-0.98293,-0.75985, 2.90781, 2.61156, 0.48316, 0.01621, 1.34317, 0.44854,60.71894,430.81746,7465.76731,-7.92143, 1.51649,-1.25188,
19.40000,5480.97986,2781.69401,38462.59649,36.63823,-1.95775,76.55911,435.00795,23.33425,-0.99152,-0.81907, 2.93224, 2.60078, 0.48367, 0.01642, 1.34871, 0.44937,60.97957,431.07087,7465.76731,-7.92143, 1.51649,-1.25188,
19.50000,5500.62913,2817.65153,38447.87444,36.54109,-1.87603,76.94320,435.80250,23.32889,-1.00209,-0.86417, 2.95647, 2.58921, 0.48418, 0.01667, 1.35426, 0.45019,61.23848,431.32408,7465.76731,-7.92143, 1.51649,-1.25188,
19.60000,5520.05922,2853.83136,38433.17225,36.44077,-1.79099,77.32760,436.58837,23.32484,-1.01398,-0.89346, 2.98045, 2.57670, 0.48469, 0.01694, 1.35984, 0.45100,61.49559,431.57706,7465.76731,-7.92143, 1.51649,-1.25188,
19.70000,5539.26808,2890.23187,38418.49201,36.33892,-1.70258,77.71219,437.36531,23.32211,-1.02644,-0.90632, 3.00415, 2.56318, 0.48520, 0.01723, 1.36544, 0.45181,61.75079,431.82977,7465.76731,-7.92143, 1.51649,-1.25188,
19.80000,5558.25363,2926.85137,38403.83584,36.23719,-1.61076,78.09687,438.13307,23.32068,-1.03872,-0.90320, 3.02753, 2.54863, 0.48570, 0.01752, 1.37106, 0.45260,62.00400,432.08218,7465.76731,-7.92143, 1.51649,-1.25188,
19.90000,5577.01385,2963.68813,38389.20586,36.13715,-1.51550,78.48152,438.89137,23.32055,-1.05012,-0.88552, 3.05052, 2.53312, 0.48620, 0.01780, 1.37669, 0.45338,62.25511,432.33426,7465.76731,-7.92143, 1.51649,-1.25188,
20.00000,5595.54668,3000.74038,38374.60422,36.04016,-1.41680,78.86605,439.63998,23.32167,-1.06002,-0.85555, 3.07309, 2.51679, 0.48670, 0.01805, 1.38235, 0.45416,62.50403,432.58595,7465.76731,-7.92143, 1.51649,-1.25188,
20.10000,5613.85009,3038.00629,38360.03308,35.94735,-1.31468,79.25036,440.37864,23.32401,-1.06789,-0.81625, 3.09516, 2.49984, 0.48719, 0.01827, 1.38801, 0.45492,62.75067,432.83723,7465.76731,-7.92143, 1.51649,-1.25188,
20.20000,5631.92203,3075.48402,38345.49459,35.85949,-1.20918,79.63438,441.10712,23.32750,-1.07339,-0.77104, 3.11666, 2.48250, 0.48768, 0.01844, 1.39369, 0.45567,62.99493,433.08806,7465.76731,-7.92143, 1.51649,-1.25188,
20.30000,5649.76044,3113.17166,38330.99090,35.77702,-1.10038,80.01805,441.82520,23.33207,-1.07630,-0.72354, 3.13751, 2.46506, 0.48817, 0.01857, 1.39936, 0.45641,63.23673,433.33840,7465.76731,-7.92143, 1.51649,-1.25188,
20.40000,5667.36326,3151.06725,38316.52417,35.70001,-0.98836,80.40135,442.53265,23.33764,-1.07659,-0.67736, 3.15762, 2.44781, 0.48865, 0.01865, 1.40503, 0.45714,63.47597,433.58821,7465.76731,-7.92143, 1.51649,-1.25188,
20.50000,5684.72844,3189.16882,38302.09654,35.62818,-0.87325,80.78425,443.22929,23.34411,-1.07441,-0.63585, 3.17690, 2.43103, 0.48913, 0.01868, 1.41069, 0.45786,63.71258,433.83745,7465.76731,-7.92143, 1.51649,-1.25188,
20.60000,5701.85391,3227.47433,38287.71014,35.56093,-0.75519,81.16676,443.91494,23.35137,-1.07004,-0.60190, 3.19526, 2.41499, 0.48960, 0.01866, 1.41633, 0.45857,63.94648,434.08609,7465.76731,-7.92143, 1.51649,-1.25188,
20.70000,5718.73761,3265.98171,38273.36711,35.49740,-0.63433,81.54890,444.58943,23.35929,-1.06388,-0.57774, 3.21260, 2.39991, 0.49007, 0.01861, 1.42195, 0.45927,64.17760,434.33409,7465.76731,-7.92143, 1.51649,-1.25188,
20.80000,5735.37750,3304.68884,38259.06956,35.43656,-0.51085,81.93068,445.25263,23.36776,-1.05645,-0.56483, 3.22886, 2.38597, 0.49054, 0.01853, 1.42753, 0.45995,64.40586,434.58140,7465.76731,-7.92143, 1.51649,-1.25188,
20.90000,5751.77153,3343.59356,38244.81960,35.37724,-0.38492,82.31215,445.90442,23.37665,-1.04830,-0.56383, 3.24395, 2.37329, 0.49099, 0.01844, 1.43306, 0.46063,64.63122,434.82800,7465.76731,-7.92143, 1.51649,-1.25188,
21.00000,5767.91769,3382.69366,38230.61933,35.31828,-0.25672,82.69335,446.54469,23.38585,-1.04003,-0.57453, 3.25784, 2.36194, 0.49145, 0.01834, 1.43855, 0.46129,64.85360,435.07385,7465.76731,-7.92143, 1.51649,-1.25188,
21.10000,5783.81400,3421.98689,38216.47086,35.25857,-0.12643,83.07430,447.17337,23.39523,-1.03218,-0.59591, 3.27047, 2.35189, 0.49189, 0.01824, 1.44397, 0.46194,65.07297,435.31890,7465.76731,-7.92143, 1.51649,-1.25188,
21.20000,5799.45851,3461.47097,38202.37627,35.19712, 0.00580,83.45504,447.79038,23.40468,-1.02527,-0.62627, 3.28184, 2.34309, 0.49233, 0.01816, 1.44932, 0.46257,65.28928,435.56313,7465.76731,-7.92143, 1.51649,-1.25188,
21.30000,5814.84931,3501.14356,38188.33763,35.13317, 0.13978,83.83557,448.39570,23.41410,-1.01972,-0.66335, 3.29195, 2.33540, 0.49277, 0.01810, 1.45460, 0.46320,65.50250,435.80649,7465.76731,-7.92143, 1.51649,-1.25188,
21.40000,5829.98454,3541.00228,38174.35703,35.06617, 0.27540,84.21591,448.98928,23.42339,-1.01583,-0.70450, 3.30082, 2.32867, 0.49319, 0.01807, 1.45979, 0.46381,65.71257,436.04894,7465.76731,-7.92143, 1.51649,-1.25188,
21.50000,5844.86237,3581.04472,38160.43652,34.99589, 0.41251,84.59605,449.57112,23.43248,-1.01378,-0.74686, 3.30849, 2.32270, 0.49361, 0.01808, 1.46490, 0.46441,65.91948,436.29046,7465.76731,-7.92143, 1.51649,-1.25188,
21.60000,5859.48106,3621.26842,38146.57818,34.92233, 0.55100,84.97597,450.14121,23.44130,-1.01363,-0.78761, 3.31503, 2.31726, 0.49403, 0.01812, 1.46992, 0.46500,66.12321,436.53099,7465.76731,-7.92143, 1.51649,-1.25188,
21.70000,5873.83888,3661.67090,38132.78403,34.84581, 0.69079,85.35562,450.69956,23.44978,-1.01528,-0.82411, 3.32051, 2.31214, 0.49443, 0.01820, 1.47485, 0.46558,66.32372,436.77052,7465.76731,-7.92143, 1.51649,-1.25188,
21.80000,5887.93419,3702.24962,38119.05613,34.76688, 0.83178,85.73496,451.24619,23.45787,-1.01855,-0.85411, 3.32501, 2.30714, 0.49483, 0.01831, 1.47968, 0.46614,66.52100,437.00899,7465.76731,-7.92143, 1.51649,-1.25188,
21.90000,5901.76537,3743.00202,38105.39647,34.68628, 0.97393,86.11395,451.78113,23.46553,-1.02313,-0.87587, 3.32865, 2.30209, 0.49522, 0.01844, 1.48441, 0.46670,66.71503,437.24637,7465.76731,-7.92143, 1.51649,-1.25188,
22.00000,5915.33088,3783.92551,38091.80707,34.60490, 1.11717,86.49250,452.30442,23.47274,-1.02864,-0.88825, 3.33151, 2.29682, 0.49560, 0.01860, 1.48904, 0.46724,66.90580,437.48263,7465.76731,-7.92143, 1.51649,-1.25188,
22.10000,5928.62919,3825.01747,38078.28988,34.52371, 1.26146,86.87057,452.81609,23.47947,-1.03467,-0.89079, 3.33371, 2.29124, 0.49598, 0.01877, 1.49356, 0.46777,67.09329,437.71773,7465.76731,-7.92143, 1.51649,-1.25188,
22.20000,5941.65884,3866.27523,38064.84686,34.44370, 1.40677,87.24809,453.31621,23.48571,-1.04078,-0.88372, 3.33535, 2.28530, 0.49635, 0.01894, 1.49799, 0.46828,67.27751,437.95164,7465.76731,-7.92143, 1.51649,-1.25188,
22.30000,5954.41838,3907.69612,38051.47992,34.36578, 1.55306,87.62500,453.80480,23.49145,-1.04655,-0.86786, 3.33654, 2.27897, 0.49671, 0.01910, 1.50232, 0.46879,67.45844,438.18431,7465.76731,-7.92143, 1.51649,-1.25188,
22.40000,5966.90644,3949.27744,38038.19094,34.29078, 1.70030,88.00126,454.28194,23.49668,-1.05162,-0.84462, 3.33735, 2.27231, 0.49707, 0.01925, 1.50654, 0.46928,67.63607,438.41572,7465.76731,-7.92143, 1.51649,-1.25188,
22.50000,5979.12162,3991.01643,38024.98177,34.21935, 1.84847,88.37684,454.74769,23.50140,-1.05567,-0.81582, 3.33788, 2.26537, 0.49741, 0.01939, 1.51066, 0.46976,67.81040,438.64584,7465.76731,-7.92143, 1.51649,-1.25188,
22.60000,5991.06260,4032.91037,38011.85420,34.15194, 1.99751,88.75171,455.20209,23.50562,-1.05848,-0.78357, 3.33820, 2.25827, 0.49775, 0.01949, 1.51469, 0.47023,67.98142,438.87462,7465.76731,-7.92143, 1.51649,-1.25188,
22.70000,6002.72805,4074.95645,37998.81000,34.08879, 2.14741,89.12587,455.64523,23.50934,-1.05995,-0.75011, 3.33837, 2.25113, 0.49809, 0.01958, 1.51861, 0.47069,68.14914,439.10204,7465.76731,-7.92143, 1.51649,-1.25188,
22.80000,6014.11669,4117.15188,37985.85089,34.02990, 2.29810,89.49932,456.07716,23.51256,-1.06004,-0.71767, 3.33844, 2.24408, 0.49841, 0.01963, 1.52244, 0.47114,68.31355,439.32806,7465.76731,-7.92143, 1.51649,-1.25188,
22.90000,6025.22724,4159.49384,37972.97856,33.97508, 2.44956,89.87209,456.49795,23.51528,-1.05884,-0.68827, 3.33844, 2.23725, 0.49873, 0.01965, 1.52616, 0.47157,68.47465,439.55266,7465.76731,-7.92143, 1.51649,-1.25188,
23.00000,6036.05847,4201.97949,37960.19463,33.92392, 2.60174,90.24420,456.90768,23.51751,-1.05652,-0.66363, 3.33841, 2.23077, 0.49904, 0.01966, 1.52979, 0.47199,68.63245,439.77580,7465.76731,-7.92143, 1.51649,-1.25188,
23.10000,6046.60916,4244.60595,37947.50072,33.87590, 2.75458,90.61571,457.30642,23.51925,-1.05331,-0.64505, 3.33838, 2.22474, 0.49935, 0.01964, 1.53332, 0.47240,68.78695,439.99746,7465.76731,-7.92143, 1.51649,-1.25188,
23.20000,6056.87813,4287.37036,37934.89838,33.83037, 2.90805,90.98665,457.69425,23.52053,-1.04951,-0.63336, 3.33836, 2.21923, 0.49964, 0.01960, 1.53675, 0.47281,68.93814,440.21760,7465.76731,-7.92143, 1.51649,-1.25188,
23.30000,6066.86423,4330.26980,37922.38914,33.78661, 3.06209,91.35710,458.07123,23.52134,-1.04543,-0.62883, 3.33838, 2.21427, 0.49994, 0.01956, 1.54008, 0.47319,69.08604,440.43619,7465.76731,-7.92143, 1.51649,-1.25188,
23.40000,6076.56634,4373.30136,37909.97449,33.74392, 3.21668,91.72709,458.43745,23.52171,-1.04140,-0.63126, 3.33844, 2.20987, 0.50022, 0.01952, 1.54331, 0.47357,69.23065,440.65322,7465.76731,-7.92143, 1.51649,-1.25188,
23.50000,6085.98339,4416.46210,37897.65588,33.70165, 3.37178,92.09668,458.79297,23.52165,-1.03772,-0.63994, 3.33857, 2.20601, 0.50049, 0.01948, 1.54644, 0.47394,69.37197,440.86865,7465.76731,-7.92143, 1.51649,-1.25188,
23.60000,6095.11434,4459.74907,37885.43474,33.65922, 3.52736,92.46593,459.13787,23.52120,-1.03466,-0.65376, 3.33877, 2.20261, 0.50076, 0.01945, 1.54948, 0.47430,69.51000,441.08245,7465.76731,-7.92143, 1.51649,-1.25188,
23.70000,6103.95821,4503.15929,37873.31248,33.61619, 3.68342,92.83486,459.47222,23.52038,-1.03244,-0.67134, 3.33907, 2.19959, 0.50103, 0.01944, 1.55243, 0.47464,69.64475,441.29460,7465.76731,-7.92143, 1.51649,-1.25188,
23.80000,6112.51405,4546.68978,37861.29047,33.57226, 3.83994,93.20353,459.79607,23.51924,-1.03118,-0.69106, 3.33949, 2.19683, 0.50128, 0.01945, 1.55528, 0.47498,69.77623,441.50507,7465.76731,-7.92143, 1.51649,-1.25188,
23.90000,6120.78095,4590.33753,37849.37005,33.52732, 3.99694,93.57194,460.10949,23.51780,-1.03095,-0.71129, 3.34005, 2.19422, 0.50153, 0.01947, 1.55805, 0.47530,69.90442,441.71383,7465.76731,-7.92143, 1.51649,-1.25188,
24.00000,6128.75808,4634.09954,37837.55256,33.48139, 4.15443,93.94012,460.41253,23.51612,-1.03175,-0.73041, 3.34078, 2.19163, 0.50177, 0.01952, 1.56073, 0.47561,70.02934,441.92087,7465.76731,-7.92143, 1.51649,-1.25188,
24.10000,6136.44463,4677.97277,37825.83928,33.43465, 4.31243,94.30807,460.70524,23.51425,-1.03349,-0.74701, 3.34168, 2.18895, 0.50201, 0.01958, 1.56332, 0.47592,70.15099,442.12616,7465.76731,-7.92143, 1.51649,-1.25188,
24.20000,6143.83984,4721.95417,37814.23151,33.38743, 4.47096,94.67579,460.98765,23.51223,-1.03601,-0.75992, 3.34280, 2.18607, 0.50224, 0.01966, 1.56583, 0.47621,70.26935,442.32966,7465.76731,-7.92143, 1.51649,-1.25188,
24.30000,6150.94300,4766.04070,37802.73049,33.34013, 4.63007,95.04327,461.25980,23.51012,-1.03914,-0.76831, 3.34414, 2.18290, 0.50246, 0.01976, 1.56827, 0.47649,70.38442,442.53137,7465.76731,-7.92143, 1.51649,-1.25188,
24.40000,6157.75342,4810.22927,37791.33745,33.29324, 4.78978,95.41050,461.52172,23.50796,-1.04263,-0.77174, 3.34572, 2.17938, 0.50268, 0.01986, 1.57063, 0.47676,70.49621,442.73125,7465.76731,-7.92143, 1.51649,-1.25188,
24.50000,6164.27048,4854.51681,37780.05360,33.24726, 4.95013,95.77747,461.77343,23.50580,-1.04625,-0.77015, 3.34756, 2.17549, 0.50289, 0.01996, 1.57292, 0.47702,70.60469,442.92928,7465.76731,-7.92143, 1.51649,-1.25188,
24.60000,6170.49356,4898.90023,37768.88011,33.20267, 5.11117,96.14417,462.01493,23.50370,-1.04975,-0.76386, 3.34964, 2.17123, 0.50309, 0.02007, 1.57514, 0.47727,70.70986,443.12545,7465.76731,-7.92143, 1.51649,-1.25188,
24.70000,6176.42212,4943.37641,37757.81814,33.15993, 5.27291,96.51059,462.24624,23.50169,-1.05291,-0.75353, 3.35198, 2.16660, 0.50329, 0.02016, 1.57729, 0.47751,70.81171,443.31972,7465.76731,-7.92143, 1.51649,-1.25188,
24.80000,6182.05559,4987.94224,37746.86881,33.11939, 5.43538,96.87672,462.46736,23.49982,-1.05555,-0.74009, 3.35456, 2.16168, 0.50348, 0.02025, 1.57938, 0.47774,70.91023,443.51207,7465.76731,-7.92143, 1.51649,-1.25188,
24.90000,6187.39348,5032.59459,37736.03322,33.08131, 5.59860,97.24255,462.67829,23.49812,-1.05754,-0.72465, 3.35735, 2.15652, 0.50367, 0.02032, 1.58140, 0.47795,71.00540,443.70249,7465.76731,-7.92143, 1.51649,-1.25188,
25.00000,6192.43531,5077.33030,37725.31244,33.04584, 5.76258,97.60811,462.87902,23.49662,-1.05878,-0.70842, 3.36034, 2.15122, 0.50385, 0.02037, 1.58337, 0.47816,71.09721,443.89095,7465.76731,-7.92143, 1.51649,-1.25188,
25.10000,6197.18062,5122.14624,37714.70749,33.01300, 5.92733,97.97338,463.06955,23.49534,-1.05925,-0.69261, 3.36349, 2.14585, 0.50402, 0.02041, 1.58527, 0.47836,71.18565,444.07744,7465.76731,-7.92143, 1.51649,-1.25188,
25.20000,6201.62897,5167.03923,37704.21941,32.98268, 6.09284,98.33840,463.24987,23.49430,-1.05898,-0.67837, 3.36675, 2.14053, 0.50419, 0.02043, 1.58712, 0.47854,71.27069,444.26193,7465.76731,-7.92143, 1.51649,-1.25188,
25.30000,6205.77997,5212.00609,37693.84917,32.95470, 6.25910,98.70319,463.41997,23.49352,-1.05804,-0.66665, 3.37010, 2.13533, 0.50435, 0.02043, 1.58891, 0.47872,71.35234,444.44440,7465.76731,-7.92143, 1.51649,-1.25188,
25.40000,6209.63325,5257.04364,37683.59772,32.92876, 6.42609,99.06776,463.57984,23.49299,-1.05656,-0.65820, 3.37348, 2.13034, 0.50450, 0.02042, 1.59063, 0.47889,71.43056,444.62484,7465.76731,-7.92143, 1.51649,-1.25188,
25.50000,6213.18846,5302.14867,37673.46601,32.90452, 6.59379,99.43216,463.72948,23.49272,-1.05470,-0.65348, 3.37685, 2.12562, 0.50465, 0.02040, 1.59230, 0.47904,71.50536,444.80323,7465.76731,-7.92143, 1.51649,-1.25188,
25.60000,6216.44528,5347.31799,37663.45493,32.88161, 6.76217,99.79640,463.86887,23.49272,-1.05261,-0.65267, 3.38017, 2.12120, 0.50479, 0.02038, 1.59390, 0.47918,71.57672,444.97954,7465.76731,-7.92143, 1.51649,-1.25188,
25.70000,6219.40344,5392.54837,37653.56536,32.85963, 6.93119,100.16053,463.99802,23.49297,-1.05048,-0.65565, 3.38338, 2.11711, 0.50493, 0.02035, 1.59545, 0.47932,71.64462,445.15377,7465.76731,-7.92143, 1.51649,-1.25188,
25.80000,6222.06270,5437.83659,37643.79817,32.83824, 7.10082,100.52456,464.11692,23.49347,-1.04847,-0.66205, 3.38646, 2.11335, 0.50506, 0.02033, 1.59693, 0.47944,71.70906,445.32589,7465.76731,-7.92143, 1.51649,-1.25188,
25.90000,6224.42284,5483.17941,37634.15419,32.81712, 7.27104,100.88852,464.22557,23.49422,-1.04674,-0.67125, 3.38936, 2.10992, 0.50518, 0.02030, 1.59834, 0.47955,71.77002,445.49589,7465.76731,-7.92143, 1.51649,-1.25188,
26.00000,6226.48370,5528.57361,37624.63423,32.79604, 7.44180,101.25244,464.32397,23.49520,-1.04540,-0.68248, 3.39205, 2.10676, 0.50529, 0.02029, 1.59970, 0.47965,71.82751,445.66375,7465.76731,-7.92143, 1.51649,-1.25188,
26.10000,6228.24515,5574.01592,37615.23909,32.77485, 7.61308,101.61631,464.41213,23.49641,-1.04453,-0.69485, 3.39451, 2.10384, 0.50540, 0.02028, 1.60098, 0.47975,71.88150,445.82946,7465.76731,-7.92143, 1.51649,-1.25188,
26.20000,6229.70711,5619.50312,37605.96952,32.75347, 7.78484,101.98015,464.49006,23.49784,-1.04418,-0.70743, 3.39672, 2.10110, 0.50550, 0.02028, 1.60220, 0.47983,71.93200,445.99300,7465.76731,-7.92143, 1.51649,-1.25188,
26.30000,6230.86952,5665.03194,37596.82628,32.73195, 7.95705,102.34397,464.55776,23.49948,-1.04433,-0.71934, 3.39867, 2.09849, 0.50560, 0.02030, 1.60335, 0.47990,71.97901,446.15436,7465.76731,-7.92143, 1.51649,-1.25188,
26.40000,6231.73237,5710.59913,37587.81009,32.71038, 8.12969,102.70775,464.61525,23.50133,-1.04496,-0.72978, 3.40033, 2.09596, 0.50569, 0.02032, 1.60444, 0.47996,72.02251,446.31352,7465.76731,-7.92143, 1.51649,-1.25188,
26.50000,6232.29572,5756.20144,37578.92165,32.68895, 8.30273,103.07149,464.66255,23.50336,-1.04598,-0.73811, 3.40171, 2.09344, 0.50577, 0.02035, 1.60546, 0.48000,72.06250,446.47046,7465.76731,-7.92143, 1.51649,-1.25188,
26.60000,6232.55962,5801.83560,37570.16164,32.66789, 8.47614,103.43518,464.69966,23.50557,-1.04730,-0.74387, 3.40280, 2.09091, 0.50585, 0.02038, 1.60640, 0.48004,72.09899,446.62518,7465.76731,-7.92143, 1.51649,-1.25188,
26.70000,6232.52419,5847.49836,37561.53072,32.64747, 8.64991,103.79881,464.72662,23.50796,-1.04880,-0.74680, 3.40361, 2.08833, 0.50592, 0.02042, 1.60728, 0.48007,72.13197,446.77765,7465.76731,-7.92143, 1.51649,-1.25188,
26.80000,6232.18958,5893.18647,37553.02949,32.62799, 8.82399,104.16235,464.74345,23.51051,-1.05035,-0.74688, 3.40412, 2.08569, 0.50598, 0.02046, 1.60809, 0.48009,72.16145,446.92788,7465.76731,-7.92143, 1.51649,-1.25188,
26.90000,6231.55596,5938.89665,37544.65857,32.60971, 8.99836,104.52580,464.75017,23.51322,-1.05182,-0.74429, 3.40434, 2.08300, 0.50603, 0.02050, 1.60883, 0.48009,72.18743,447.07584,7465.76731,-7.92143, 1.51649,-1.25188,
27.00000,6230.62357,5984.62566,37536.41852,32.59288, 9.17300,104.88915,464.74681,23.51606,-1.05311,-0.73937, 3.40427, 2.08027, 0.50608, 0.02054, 1.60950, 0.48009,72.20991,447.22152,7465.76731,-7.92143, 1.51649,-1.25188,
27.10000,6229.39264,6030.37025,37528.30988,32.57772, 9.34787,105.25238,464.73341,23.51903,-1.05411,-0.73264, 3.40391, 2.07753, 0.50612, 0.02056, 1.61009, 0.48008,72.22890,447.36491,7465.76731,-7.92143, 1.51649,-1.25188,
27.20000,6227.86347,6076.12717,37520.33316,32.56437, 9.52293,105.61549,464.71001,23.52210,-1.05475,-0.72470, 3.40327, 2.07481, 0.50616, 0.02058, 1.61062, 0.48005,72.24440,447.50601,7465.76731,-7.92143, 1.51649,-1.25188,
27.30000,6226.03635,6121.89316,37512.48884,32.55293, 9.69815,105.97847,464.67664,23.52527,-1.05501,-0.71619, 3.40233, 2.07216, 0.50619, 0.02059, 1.61107, 0.48002,72.25643,447.64479,7465.76731,-7.92143, 1.51649,-1.25188,
27.40000,6223.91164,6167.66499,37504.77737,32.54340, 9.87348,106.34133,464.63336,23.52852,-1.05485,-0.70779, 3.40111, 2.06962, 0.50621, 0.02059, 1.61145, 0.47997,72.26499,447.78126,7465.76731,-7.92143, 1.51649,-1.25188,
27.50000,6221.48971,6213.43942,37497.19916,32.53577,10.04889,106.70407,464.58021,23.53183,-1.05431,-0.70008, 3.39959, 2.06724, 0.50622, 0.02058, 1.61175, 0.47992,72.27011,447.91540,7465.76731,-7.92143, 1.51649,-1.25188,
27.60000,6218.77095,6259.21322,37489.75459,32.52991,10.22431,107.06670,464.51726,23.53518,-1.05343,-0.69359, 3.39778, 2.06505, 0.50623, 0.02056, 1.61198, 0.47985,72.27178,448.04721,7465.76731,-7.92143, 1.51649,-1.25188,
27.70000,6215.75581,6304.98316,37482.44401,32.52571,10.39972,107.42923,464.44454,23.53855,-1.05227,-0.68870, 3.39568, 2.06310, 0.50623, 0.02054, 1.61213, 0.47978,72.27003,448.17667,7465.76731,-7.92143, 1.51649,-1.25188,
27.80000,6212.44473,6350.74605,37475.26774,32.52298,10.57505,107.79167,464.36214,23.54192,-1.05092,-0.68566, 3.39329, 2.06141, 0.50623, 0.02051, 1.61221, 0.47969,72.26488,448.30378,7465.76731,-7.92143, 1.51649,-1.25188,
27.90000,6208.83823,6396.49866,37468.22607,32.52153,10.75027,108.15404,464.27012,23.54528,-1.04947,-0.68457, 3.39061, 2.05998, 0.50621, 0.02047, 1.61220, 0.47960,72.25634,448.42853,7465.76731,-7.92143, 1.51649,-1.25188,
28.00000,6204.93683,6442.23780,37461.31925,32.52118,10.92533,108.51635,464.16855,23.54860,-1.04800,-0.68535, 3.38764, 2.05883, 0.50619, 0.02044, 1.61212, 0.47949,72.24444,448.55092,7465.76731,-7.92143, 1.51649,-1.25188,
28.10000,6200.74108,6487.96030,37454.54751,32.52174,11.10017,108.87862,464.05750,23.55189,-1.04662,-0.68781, 3.38439, 2.05795, 0.50617, 0.02041, 1.61196, 0.47938,72.22920,448.67094,7465.76731,-7.92143, 1.51649,-1.25188,
28.20000,6196.25158,6533.66298,37447.91104,32.52305,11.27477,109.24086,463.93706,23.55511,-1.04540,-0.69164, 3.38087, 2.05731, 0.50613, 0.02037, 1.61172, 0.47925,72.21064,448.78858,7465.76731,-7.92143, 1.51649,-1.25188,
28.30000,6191.46896,6579.34269,37441.41001,32.52502,11.44908,109.60308,463.80730,23.55826,-1.04439,-0.69643, 3.37709, 2.05689, 0.50610, 0.02034, 1.61141, 0.47912,72.18879,448.90385,7465.76731,-7.92143, 1.51649,-1.25188,
28.40000,6186.39388,6624.99628,37435.04454,32.52755,11.62306,109.96528,463.66830,23.56134,-1.04363,-0.70172, 3.37307, 2.05666, 0.50605, 0.02032, 1.61101, 0.47898,72.16367,449.01674,7465.76731,-7.92143, 1.51649,-1.25188,
28.50000,6181.02703,6670.62062,37428.81475,32.53062,11.79668,110.32748,463.52016,23.56433,-1.04316,-0.70706, 3.36881, 2.05658, 0.50600, 0.02030, 1.61053, 0.47882,72.13531,449.12724,7465.76731,-7.92143, 1.51649,-1.25188,
28.60000,6175.36914,6716.21262,37422.72071,32.53424,11.96992,110.68968,463.36296,23.56723,-1.04295,-0.71200, 3.36434, 2.05661, 0.50594, 0.02029, 1.60998, 0.47866,72.10375,449.23535,7465.76731,-7.92143, 1.51649,-1.25188,
28.70000,6169.42098,6761.76917,37416.76246,32.53848,12.14274,111.05188,463.19678,23.57004,-1.04299,-0.71615, 3.35967, 2.05672, 0.50587, 0.02028, 1.60935, 0.47849,72.06899,449.34107,7465.76731,-7.92143, 1.51649,-1.25188,
28.80000,6163.18333,6807.28720,37410.94002,32.54342,12.31512,111.41407,463.02172,23.57277,-1.04325,-0.71920, 3.35483, 2.05687, 0.50580, 0.02027, 1.60864, 0.47831,72.03109,449.44440,7465.76731,-7.92143, 1.51649,-1.25188,
28.90000,6156.65703,6852.76365,37405.25339,32.54919,12.48705,111.77627,462.83787,23.57540,-1.04366,-0.72094, 3.34982, 2.05704, 0.50572, 0.02027, 1.60786, 0.47812,71.99006,449.54534,7465.76731,-7.92143, 1.51649,-1.25188,
29.00000,6149.84292,6898.19548,37399.70250,32.55590,12.65850,112.13845,462.64531,23.57795,-1.04416,-0.72128, 3.34468, 2.05722, 0.50564, 0.02027, 1.60700, 0.47792,71.94594,449.64389,7465.76731,-7.92143, 1.51649,-1.25188,
29.10000,6142.74188,6943.57968,37394.28731,32.56371,12.82946,112.50063,462.44413,23.58042,-1.04469,-0.72020, 3.33941, 2.05738, 0.50555, 0.02026, 1.60606, 0.47771,71.89875,449.74004,7465.76731,-7.92143, 1.51649,-1.25188,
29.20000,6135.35484,6988.91324,37389.00769,32.57275,12.99991,112.86280,462.23443,23.58282,-1.04518,-0.71784, 3.33403, 2.05752, 0.50545, 0.02026, 1.60506, 0.47750,71.84854,449.83380,7465.76731,-7.92143, 1.51649,-1.25188,
29.30000,6127.68272,7034.19317,37383.86352,32.58312,13.16984,113.22496,462.01629,23.58515,-1.04557,-0.71440, 3.32856, 2.05765, 0.50535, 0.02025, 1.60398, 0.47727,71.79532,449.92517,7465.76731,-7.92143, 1.51649,-1.25188,
29.40000,6119.72649,7079.41653,37378.85465,32.59492,13.33922,113.58711,461.78980,23.58741,-1.04582,-0.71014, 3.32300, 2.05778, 0.50524, 0.02025, 1.60284, 0.47704,71.73913,450.01415,7465.76731,-7.92143, 1.51649,-1.25188,
29.50000,6111.48713,7124.58036,37373.98087,32.60821,13.50806,113.94926,461.55506,23.58961,-1.04589,-0.70539, 3.31738, 2.05792, 0.50512, 0.02023, 1.60162, 0.47679,71.68001,450.10074,7465.76731,-7.92143, 1.51649,-1.25188,
29.60000,6102.96566,7169.68174,37369.24198,32.62302,13.67632,114.31140,461.31215,23.59176,-1.04575,-0.70049, 3.31169, 2.05809, 0.50500, 0.02021, 1.60033, 0.47654,71.61797,450.18495,7465.76731,-7.92143, 1.51649,-1.25188,
29.70000,6094.16311,7214.71778,37364.63772,32.63935,13.84399,114.67355,461.06116,23.59387,-1.04542,-0.69577, 3.30594, 2.05831, 0.50488, 0.02019, 1.59898, 0.47628,71.55307,450.26677,7465.76731,-7.92143, 1.51649,-1.25188,
29.80000,6085.08053,7259.68560,37360.16781,32.65716,14.01105,115.03571,460.80217,23.59593,-1.04489,-0.69154, 3.30013, 2.05860, 0.50474, 0.02016, 1.59757, 0.47602,71.48531,450.34622,7465.76731,-7.92143, 1.51649,-1.25188,
29.90000,6075.71901,7304.58233,37355.83195,32.67639,14.17750,115.39789,460.53529,23.59796,-1.04418,-0.68806, 3.29428, 2.05898, 0.50461, 0.02012, 1.59608, 0.47574,71.41475,450.42330,7465.76731,-7.92143, 1.51649,-1.25188,
30.00000,6066.07964,7349.40515,37351.62981,32.69694,14.34330,115.76011,460.26059,23.59995,-1.04334,-0.68552, 3.28837, 2.05947, 0.50446, 0.02009, 1.59454, 0.47546,71.34142,450.49801,7465.76731,-7.92143, 1.51649,-1.25188,
